kinematics:
  shoulder:
    x: 0
    y: 0
    z: 0.1624383937826002
    roll: -0
    pitch: 0
    yaw: -5.730152147914724e-08
  upper_arm:
    x: 7.824426781396433e-05
    y: 0
    z: 0
    roll: 1.569776098319087
    pitch: 0
    yaw: 5.110794727140557e-06
  forearm:
    x: -0.4249777650591942
    y: 0
    z: 0
    roll: 3.140753165215575
    pitch: 3.140995952385297
    yaw: -3.141588733071744
  wrist_1:
    x: -0.3919883222630953
    y: 0.000373159838997869
    z: 0.1333238020357562
    roll: 3.138793762027444
    pitch: 3.140622717787809
    yaw: 3.141589019935612
  wrist_2:
    x: 0.000126061665348084
    y: -0.09969919419825031
    z: -2.14561997714094e-05
    roll: 1.571011536151529
    pitch: 0
    yaw: 8.989608589939773e-07
  wrist_3:
    x: 6.817191864762385e-05
    y: 0.0994082742239927
    z: -1.992400087782037e-05
    roll: 1.570595900816611
    pitch: 3.141592653589793
    yaw: 3.141592563874168
  hash: calib_5670975891241827537